Исходная последовательность [1, 3, 5, 6, 2, 1, 7, 12, 10, 15]
0:[1, 3, 5, 6, 7, 12, 15]
1:[3, 5, 6, 7, 12, 15]
2:[5, 6, 7, 12, 15]
3:[6, 7, 12, 15]
4:[2, 7, 12, 15]
5:[1, 7, 12, 15]
6:[7, 12, 15]
7:[12, 15]
8:[10, 15]
9:[1, 5, 6, 7, 12, 15]
10:[1, 3, 6, 7, 12, 15]
11:[1, 3, 5, 7, 12, 15]
12:[1, 3, 5, 6, 12, 15]
13:[1, 3, 5, 6, 7, 15]
14:[1, 3, 5, 6, 7, 12]
15:[3, 6, 7, 12, 15]
16:[3, 5, 7, 12, 15]
17:[3, 5, 6, 12, 15]
18:[3, 5, 6, 7, 15]
19:[3, 5, 6, 7, 12]
20:[5, 7, 12, 15]
21:[5, 6, 12, 15]
22:[5, 6, 7, 15]
23:[5, 6, 7, 12]
24:[6, 12, 15]
25:[6, 7, 15]
26:[6, 7, 12]
27:[2, 12, 15]
28:[2, 7, 15]
29:[2, 7, 12]
30:[1, 12, 15]
31:[1, 7, 15]
32:[1, 7, 12]
33:[7, 15]
34:[7, 12]
